0 1.01
0.25 1.00219
0.5 0.995557
0.75 0.991259
1 0.990469
1.25 0.993759
1.5 0.999315
1.75 1.00473
2 1.00758
2.25 1.00623
2.5 1.00206
2.75 0.997225
3 0.993869
3.25 0.993566
3.5 0.995571
3.75 0.998565
4 1.00123
4.25 1.00249
4.5 1.00237
4.75 1.00111
5 0.998976
5.25 0.996329
5.5 0.993922
5.75 0.992608
6 0.993238
6.25 0.99621
6.5 1.0001
6.75 1.00303
7 1.00312
7.25 0.999252
7.5 0.993368
7.75 0.988172
8 0.986366
8.25 0.989663
8.5 0.995821
8.75 1.0016
9 1.00378
9.25 1.00022
9.5 0.993236
9.75 0.986233
10 0.982627
10.25 0.984723
10.5 0.990408
10.75 0.996461
11 0.999663
11.25 0.997777
11.5 0.992496
11.75 0.986498
12 0.982461
12.25 0.982308
12.5 0.984949
12.75 0.988541
13 0.991241
13.25 0.991648
13.5 0.990127
13.75 0.987489
14 0.984542
14.25 0.982012
14.5 0.980295
14.75 0.979706
15 0.980557
15.25 0.982876
15.5 0.985548
15.75 0.98717
16 0.986341
16.25 0.982281
16.5 0.976706
16.75 0.971952
17 0.970359
17.25 0.97337
17.5 0.97886
17.75 0.983809
18 0.985197
18.25 0.981072
18.5 0.973739
18.75 0.966571
19 0.962941
19.25 0.965099
19.5 0.970808
19.75 0.97671
20 0.979447
20.25 0.976715
20.5 0.970439
20.75 0.963597
21 0.959169
21.25 0.959259
21.5 0.962465
21.75 0.966513
22 0.969126
22.25 0.968628
22.5 0.965744
22.75 0.9618
23 0.95812
23.25 0.955771
23.5 0.954781
23.75 0.954921
24 0.95596
24.25 0.957559
24.5 0.958937
24.75 0.959204
25 0.95747
25.25 0.953314
25.5 0.94818
25.75 0.943982
26 0.942633
26.25 0.945273
26.5 0.949947
26.75 0.953927
27 0.954484
27.25 0.949886
27.5 0.942383
27.75 0.935223
28 0.931652
28.25 0.933808
28.5 0.939387
28.75 0.944978
29 0.94717
29.25 0.943653
29.5 0.936531
29.75 0.929008
30 0.924292
30.25 0.924611
30.5 0.928292
30.75 0.932682
31 0.93513
31.25 0.93373
31.5 0.929545
31.75 0.924383
32 0.920053
32.25 0.917932
32.5 0.917684
32.75 0.918538
33 0.919727
33.25 0.920552
33.5 0.920589
33.75 0.919482
34 0.916877
34.25 0.912716
34.5 0.908142
34.75 0.904593
35 0.903511
35.25 0.9057
35.5 0.909426
35.75 0.912323
36 0.912021
36.25 0.907054
36.5 0.89956
36.75 0.892576
37 0.889141
37.25 0.891226
37.5 0.896519
37.75 0.901644
38 0.903221
38.25 0.898994
38.5 0.891192
38.75 0.883166
39 0.878266
39.25 0.878793
39.5 0.882838
39.75 0.887444
40 0.889651
40.25 0.887369
40.5 0.881973
40.75 0.87571
41 0.870824
41.25 0.868971
41.5 0.869454
41.75 0.870985
42 0.872278
42.25 0.872293
42.5 0.870972
42.75 0.868503
43 0.865075
43.25 0.861
43.5 0.857084
43.75 0.854259
44 0.853453
44.25 0.855118
44.5 0.857786
44.75 0.859509
45 0.858339
45.25 0.853112
45.5 0.845798
45.75 0.83915
46 0.835921
46.25 0.837864
46.5 0.842719
46.75 0.847229
47 0.848134
47.25 0.843285
47.5 0.834983
47.75 0.826639
48 0.821662
48.25 0.822363
48.5 0.826653
48.75 0.831338
49 0.833229
49.25 0.830103
49.5 0.823615
49.75 0.81639
50 0.811053
50.25 0.809495
50.5 0.810677
50.75 0.812826
51 0.81417
51.25 0.813354
51.5 0.810689
51.75 0.8069
52 0.802717
52.25 0.79881
52.5 0.795633
52.75 0.793581
53 0.793052
53.25 0.79413
53.5 0.79565
53.75 0.796134
54 0.794105
54.25 0.788729
54.5 0.78176
54.75 0.775595
55 0.772633
55.25 0.774362
55.5 0.778634
55.75 0.782393
56 0.78258
56.25 0.777211
56.5 0.768598
56.75 0.760124
57 0.755174
57.25 0.75601
57.5 0.760412
57.75 0.765035
58 0.766539
58.25 0.762626
58.5 0.755187
58.75 0.747161
59 0.741485
59.25 0.740238
59.5 0.742065
59.75 0.744754
60 0.746092
60.25 0.744442
60.5 0.740476
60.75 0.73544
61 0.730583
61.25 0.72692
61.5 0.724537
61.75 0.723286
62 0.723023
62.25 0.723462
62.5 0.723772
62.75 0.72298
63 0.720117
63.25 0.714704
63.5 0.708232
63.75 0.702682
64 0.700036
64.25 0.701483
64.5 0.705038
64.75 0.707924
65 0.707363
65.25 0.701585
65.5 0.692853
65.75 0.68444
66 0.679616
66.25 0.680539
66.5 0.684915
66.75 0.689333
67 0.690384
67.25 0.685757
67.5 0.67753
67.75 0.66888
68 0.662982
68.25 0.66205
68.5 0.66445
68.75 0.667584
69 0.668854
69.25 0.666385
69.5 0.661191
69.75 0.655009
70 0.649574
70.25 0.64622
70.5 0.644663
70.75 0.644219
71 0.6442
71.25 0.643961
71.5 0.643023
71.75 0.640948
72 0.637296
72.25 0.631956
72.5 0.626116
72.75 0.621293
73 0.619002
73.25 0.620101
73.5 0.62282
73.75 0.624731
74 0.623407
74.25 0.617337
74.5 0.60868
74.75 0.600511
75 0.595907
75.25 0.596865
75.5 0.601074
75.75 0.605144
76 0.605687
76.25 0.600434
76.5 0.591598
76.75 0.582512
77 0.576513
77.25 0.575891
77.5 0.578772
77.75 0.582241
78 0.58338
78.25 0.580124
78.5 0.573804
78.75 0.566601
79 0.560696
79.25 0.557705
79.5 0.556985
79.75 0.557326
80 0.557521
80.25 0.55658
80.5 0.554388
80.75 0.55105
81 0.546671
81.25 0.541506
81.5 0.536416
81.75 0.532411
82 0.530502
82.25 0.531193
82.5 0.532976
82.75 0.533832
83 0.531747
83.25 0.525507
83.5 0.517112
83.75 0.509363
84 0.505063
84.25 0.505999
84.5 0.509902
84.75 0.513489
85 0.513477
85.25 0.507699
85.5 0.498445
85.75 0.489123
86 0.483141
86.25 0.482811
86.5 0.486068
86.75 0.48975
87 0.490697
87.25 0.486704
87.5 0.479385
87.75 0.471312
88 0.465053
88.25 0.462468
88.5 0.462568
88.75 0.463653
89 0.464023
89.25 0.462369
89.5 0.458944
89.75 0.454395
90 0.449366
90.25 0.444475
90.5 0.44023
90.75 0.43711
91 0.435596
91.25 0.435829
91.5 0.436595
91.75 0.43634
92 0.433512
92.25 0.427227
92.5 0.419272
92.75 0.412105
93 0.408184
93.25 0.409039
93.5 0.412502
93.75 0.41548
94 0.414879
94.25 0.408686
94.5 0.399215
94.75 0.389858
95 0.384011
95.25 0.383946
95.5 0.38746
95.75 0.391227
96 0.391922
96.25 0.387257
96.5 0.37909
96.75 0.370315
97 0.363826
97.25 0.361676
97.5 0.362559
97.75 0.364324
98 0.364824
98.25 0.362463
98.5 0.357857
98.75 0.352176
99 0.346588
99.25 0.342059
99.5 0.33873
99.75 0.336539
100 0.335423
100.25 0.335154
100.5 0.334847
100.75 0.333451
101 0.329916
101.25 0.323707
101.5 0.316359
101.75 0.30992
102 0.306439
102.25 0.307155
102.5 0.310054
102.75 0.31231
103 0.311098
103.25 0.304611
103.5 0.295126
103.75 0.285935
104 0.280333
104.25 0.280498
104.5 0.284142
104.75 0.287861
105 0.288249
105.25 0.282994
105.5 0.274148
105.75 0.264857
106 0.258264
106.25 0.256567
106.5 0.258172
106.75 0.260535
107 0.261114
107.25 0.258068
107.5 0.25236
107.75 0.245653
108 0.239611
108.25 0.23552
108.5 0.233154
108.75 0.231909
109 0.231181
109.25 0.230379
109.5 0.228969
109.75 0.226429
110 0.222238
110.25 0.216226
110.5 0.209632
110.75 0.204045
111 0.201056
111.25 0.201576
111.5 0.203798
111.75 0.205236
112 0.203405
112.25 0.196751
112.5 0.187453
112.75 0.178623
113 0.17337
113.25 0.173722
113.5 0.177366
113.75 0.180902
114 0.180935
114.25 0.175184
114.5 0.165845
114.75 0.156234
115 0.149667
115.25 0.148427
115.5 0.150674
115.75 0.153535
116 0.15414
116.25 0.150448
116.5 0.143743
116.75 0.136141
117 0.129759
117.25 0.126171
117.5 0.124788
117.75 0.124482
118 0.12412
118.25 0.122767
118.5 0.12025
118.75 0.116591
119 0.111811
119.25 0.106109
119.5 0.100396
119.75 0.0957644
120 0.0933032
120.25 0.0935741
120.5 0.0950231
120.75 0.0955673
121 0.0931239
121.25 0.0864319
121.5 0.0775184
121.75 0.0692322
122 0.0644225
122.25 0.0649124
122.5 0.0684226
122.75 0.0716481
123 0.0712839
123.25 0.0651427
123.5 0.0555085
123.75 0.0457828
124 0.0393674
124.25 0.0385754
124.5 0.0413672
124.75 0.0446146
125 0.0451895
125.25 0.0409042
125.5 0.0333328
125.75 0.0249896
126 0.0183889
126.25 0.015355
126.5 0.014951
126.75 0.0155499
127 0.0155246
127.25 0.0136132
127.5 0.0100135
127.75 0.00528813
128 4.7011e-16
128.25 -0.00528813
128.5 -0.0100135
128.75 -0.0136132
129 -0.0155246
129.25 -0.0155499
129.5 -0.014951
129.75 -0.015355
130 -0.0183889
130.25 -0.0249896
130.5 -0.0333328
130.75 -0.0409042
131 -0.0451895
131.25 -0.0446146
131.5 -0.0413672
131.75 -0.0385754
132 -0.0393674
132.25 -0.0457828
132.5 -0.0555085
132.75 -0.0651427
133 -0.0712839
133.25 -0.0716481
133.5 -0.0684226
133.75 -0.0649124
134 -0.0644225
134.25 -0.0692322
134.5 -0.0775184
134.75 -0.0864319
135 -0.0931239
135.25 -0.0955673
135.5 -0.0950231
135.75 -0.0935741
136 -0.0933032
136.25 -0.0957644
136.5 -0.100396
136.75 -0.106109
137 -0.111811
137.25 -0.116591
137.5 -0.12025
137.75 -0.122767
138 -0.12412
138.25 -0.124482
138.5 -0.124788
138.75 -0.126171
139 -0.129759
139.25 -0.136141
139.5 -0.143743
139.75 -0.150448
140 -0.15414
140.25 -0.153535
140.5 -0.150674
140.75 -0.148427
141 -0.149667
141.25 -0.156234
141.5 -0.165845
141.75 -0.175184
142 -0.180935
142.25 -0.180902
142.5 -0.177366
142.75 -0.173722
143 -0.17337
143.25 -0.178623
143.5 -0.187453
143.75 -0.196751
144 -0.203405
144.25 -0.205236
144.5 -0.203798
144.75 -0.201576
145 -0.201056
145.25 -0.204045
145.5 -0.209632
145.75 -0.216226
146 -0.222238
146.25 -0.226429
146.5 -0.228969
146.75 -0.230379
147 -0.231181
147.25 -0.231909
147.5 -0.233154
147.75 -0.23552
148 -0.239611
148.25 -0.245653
148.5 -0.25236
148.75 -0.258068
149 -0.261114
149.25 -0.260535
149.5 -0.258172
149.75 -0.256567
150 -0.258264
150.25 -0.264857
150.5 -0.274148
150.75 -0.282994
151 -0.288249
151.25 -0.287861
151.5 -0.284142
151.75 -0.280498
152 -0.280333
152.25 -0.285935
152.5 -0.295126
152.75 -0.304611
153 -0.311098
153.25 -0.31231
153.5 -0.310054
153.75 -0.307155
154 -0.306439
154.25 -0.30992
154.5 -0.316359
154.75 -0.323707
155 -0.329916
155.25 -0.333451
155.5 -0.334847
155.75 -0.335154
156 -0.335423
156.25 -0.336539
156.5 -0.33873
156.75 -0.342059
157 -0.346588
157.25 -0.352176
157.5 -0.357857
157.75 -0.362463
158 -0.364824
158.25 -0.364324
158.5 -0.362559
158.75 -0.361676
159 -0.363826
159.25 -0.370315
159.5 -0.37909
159.75 -0.387257
160 -0.391922
160.25 -0.391227
160.5 -0.38746
160.75 -0.383946
161 -0.384011
161.25 -0.389858
161.5 -0.399215
161.75 -0.408686
162 -0.414879
162.25 -0.41548
162.5 -0.412502
162.75 -0.409039
163 -0.408184
163.25 -0.412105
163.5 -0.419272
163.75 -0.427227
164 -0.433512
164.25 -0.43634
164.5 -0.436595
164.75 -0.435829
165 -0.435596
165.25 -0.43711
165.5 -0.44023
165.75 -0.444475
166 -0.449366
166.25 -0.454395
166.5 -0.458944
166.75 -0.462369
167 -0.464023
167.25 -0.463653
167.5 -0.462568
167.75 -0.462468
168 -0.465053
168.25 -0.471312
168.5 -0.479385
168.75 -0.486704
169 -0.490697
169.25 -0.48975
169.5 -0.486068
169.75 -0.482811
170 -0.483141
170.25 -0.489123
170.5 -0.498445
170.75 -0.507699
171 -0.513477
171.25 -0.513489
171.5 -0.509902
171.75 -0.505999
172 -0.505063
172.25 -0.509363
172.5 -0.517112
172.75 -0.525507
173 -0.531747
173.25 -0.533832
173.5 -0.532976
173.75 -0.531193
174 -0.530502
174.25 -0.532411
174.5 -0.536416
174.75 -0.541506
175 -0.546671
175.25 -0.55105
175.5 -0.554388
175.75 -0.55658
176 -0.557521
176.25 -0.557326
176.5 -0.556985
176.75 -0.557705
177 -0.560696
177.25 -0.566601
177.5 -0.573804
177.75 -0.580124
178 -0.58338
178.25 -0.582241
178.5 -0.578772
178.75 -0.575891
179 -0.576513
179.25 -0.582512
179.5 -0.591598
179.75 -0.600434
180 -0.605687
180.25 -0.605144
180.5 -0.601074
180.75 -0.596865
181 -0.595907
181.25 -0.600511
181.5 -0.60868
181.75 -0.617337
182 -0.623407
182.25 -0.624731
182.5 -0.62282
182.75 -0.620101
183 -0.619002
183.25 -0.621293
183.5 -0.626116
183.75 -0.631956
184 -0.637296
184.25 -0.640948
184.5 -0.643023
184.75 -0.643961
185 -0.6442
185.25 -0.644219
185.5 -0.644663
185.75 -0.64622
186 -0.649574
186.25 -0.655009
186.5 -0.661191
186.75 -0.666385
187 -0.668854
187.25 -0.667584
187.5 -0.66445
187.75 -0.66205
188 -0.662982
188.25 -0.66888
188.5 -0.67753
188.75 -0.685757
189 -0.690384
189.25 -0.689333
189.5 -0.684915
189.75 -0.680539
190 -0.679616
190.25 -0.68444
190.5 -0.692853
190.75 -0.701585
191 -0.707363
191.25 -0.707924
191.5 -0.705038
191.75 -0.701483
192 -0.700036
192.25 -0.702682
192.5 -0.708232
192.75 -0.714704
193 -0.720117
193.25 -0.72298
193.5 -0.723772
193.75 -0.723462
194 -0.723023
194.25 -0.723286
194.5 -0.724537
194.75 -0.72692
195 -0.730583
195.25 -0.73544
195.5 -0.740476
195.75 -0.744442
196 -0.746092
196.25 -0.744754
196.5 -0.742065
196.75 -0.740238
197 -0.741485
197.25 -0.747161
197.5 -0.755187
197.75 -0.762626
198 -0.766539
198.25 -0.765035
198.5 -0.760412
198.75 -0.75601
199 -0.755174
199.25 -0.760124
199.5 -0.768598
199.75 -0.777211
200 -0.78258
200.25 -0.782393
200.5 -0.778634
200.75 -0.774362
201 -0.772633
201.25 -0.775595
201.5 -0.78176
201.75 -0.788729
202 -0.794105
202.25 -0.796134
202.5 -0.79565
202.75 -0.79413
203 -0.793052
203.25 -0.793581
203.5 -0.795633
203.75 -0.79881
204 -0.802717
204.25 -0.8069
204.5 -0.810689
204.75 -0.813354
205 -0.81417
205.25 -0.812826
205.5 -0.810677
205.75 -0.809495
206 -0.811053
206.25 -0.81639
206.5 -0.823615
206.75 -0.830103
207 -0.833229
207.25 -0.831338
207.5 -0.826653
207.75 -0.822363
208 -0.821662
208.25 -0.826639
208.5 -0.834983
208.75 -0.843285
209 -0.848134
209.25 -0.847229
209.5 -0.842719
209.75 -0.837864
210 -0.835921
210.25 -0.83915
210.5 -0.845798
210.75 -0.853112
211 -0.858339
211.25 -0.859509
211.5 -0.857786
211.75 -0.855118
212 -0.853453
212.25 -0.854259
212.5 -0.857084
212.75 -0.861
213 -0.865075
213.25 -0.868503
213.5 -0.870972
213.75 -0.872293
214 -0.872278
214.25 -0.870985
214.5 -0.869454
214.75 -0.868971
215 -0.870824
215.25 -0.87571
215.5 -0.881973
215.75 -0.887369
216 -0.889651
216.25 -0.887444
216.5 -0.882838
216.75 -0.878793
217 -0.878266
217.25 -0.883166
217.5 -0.891192
217.75 -0.898994
218 -0.903221
218.25 -0.901644
218.5 -0.896519
218.75 -0.891226
219 -0.889141
219.25 -0.892576
219.5 -0.89956
219.75 -0.907054
220 -0.912021
220.25 -0.912323
220.5 -0.909426
220.75 -0.9057
221 -0.903511
221.25 -0.904593
221.5 -0.908142
221.75 -0.912716
222 -0.916877
222.25 -0.919482
222.5 -0.920589
222.75 -0.920552
223 -0.919727
223.25 -0.918538
223.5 -0.917684
223.75 -0.917932
224 -0.920053
224.25 -0.924383
224.5 -0.929545
224.75 -0.93373
225 -0.93513
225.25 -0.932682
225.5 -0.928292
225.75 -0.924611
226 -0.924292
226.25 -0.929008
226.5 -0.936531
226.75 -0.943653
227 -0.94717
227.25 -0.944978
227.5 -0.939387
227.75 -0.933808
228 -0.931652
228.25 -0.935223
228.5 -0.942383
228.75 -0.949886
229 -0.954484
229.25 -0.953927
229.5 -0.949947
229.75 -0.945273
230 -0.942633
230.25 -0.943982
230.5 -0.94818
230.75 -0.953314
231 -0.95747
231.25 -0.959204
231.5 -0.958937
231.75 -0.957559
232 -0.95596
232.25 -0.954921
232.5 -0.954781
232.75 -0.955771
233 -0.95812
233.25 -0.9618
233.5 -0.965744
233.75 -0.968628
234 -0.969126
234.25 -0.966513
234.5 -0.962465
234.75 -0.959259
235 -0.959169
235.25 -0.963597
235.5 -0.970439
235.75 -0.976715
236 -0.979447
236.25 -0.97671
236.5 -0.970808
236.75 -0.965099
237 -0.962941
237.25 -0.966571
237.5 -0.973739
237.75 -0.981072
238 -0.985197
238.25 -0.983809
238.5 -0.97886
238.75 -0.97337
239 -0.970359
239.25 -0.971952
239.5 -0.976706
239.75 -0.982281
240 -0.986341
240.25 -0.98717
240.5 -0.985548
240.75 -0.982876
241 -0.980557
241.25 -0.979706
241.5 -0.980295
241.75 -0.982012
242 -0.984542
242.25 -0.987489
242.5 -0.990127
242.75 -0.991648
243 -0.991241
243.25 -0.988541
243.5 -0.984949
243.75 -0.982308
244 -0.982461
244.25 -0.986498
244.5 -0.992496
244.75 -0.997777
245 -0.999663
245.25 -0.996461
245.5 -0.990408
245.75 -0.984723
246 -0.982627
246.25 -0.986233
246.5 -0.993236
246.75 -1.00022
247 -1.00378
247.25 -1.0016
247.5 -0.995821
247.75 -0.989663
248 -0.986366
248.25 -0.988172
248.5 -0.993368
248.75 -0.999251
249 -1.00312
249.25 -1.00303
249.5 -1.0001
249.75 -0.996212
250 -0.993238
250.25 -0.992604
250.5 -0.993915
250.75 -0.996323
251 -0.998976
251.25 -1.00112
251.5 -1.00239
251.75 -1.00252
252 -1.00123
252.25 -0.998513
252.5 -0.995474
252.75 -0.993471
253 -0.993869
253.25 -0.997419
253.5 -1.00243
253.75 -1.00658
254 -1.00758
254.25 -1.004
254.5 -0.997956
254.75 -0.992445
255 -0.990469
255.25 -0.993965
255.5 -1.00063
255.75 -1.0071
256 -1.01
256.25 -1.0071
256.5 -1.00063
256.75 -0.993965
257 -0.990469
257.25 -0.992445
257.5 -0.997956
257.75 -1.004
258 -1.00758
258.25 -1.00658
258.5 -1.00243
258.75 -0.997419
259 -0.993869
259.25 -0.993471
259.5 -0.995474
259.75 -0.998513
260 -1.00123
260.25 -1.00252
260.5 -1.00239
260.75 -1.00112
261 -0.998976
261.25 -0.996323
261.5 -0.993915
261.75 -0.992604
262 -0.993238
262.25 -0.996212
262.5 -1.0001
262.75 -1.00303
263 -1.00312
263.25 -0.999251
263.5 -0.993368
263.75 -0.988172
264 -0.986366
264.25 -0.989663
264.5 -0.995821
264.75 -1.0016
265 -1.00378
265.25 -1.00022
265.5 -0.993236
265.75 -0.986233
266 -0.982627
266.25 -0.984723
266.5 -0.990408
266.75 -0.996461
267 -0.999663
267.25 -0.997777
267.5 -0.992496
267.75 -0.986498
268 -0.982461
268.25 -0.982308
268.5 -0.984949
268.75 -0.988541
269 -0.991241
269.25 -0.991648
269.5 -0.990127
269.75 -0.987489
270 -0.984542
270.25 -0.982012
270.5 -0.980295
270.75 -0.979706
271 -0.980557
271.25 -0.982876
271.5 -0.985548
271.75 -0.98717
272 -0.986341
272.25 -0.982281
272.5 -0.976706
272.75 -0.971952
273 -0.970359
273.25 -0.97337
273.5 -0.97886
273.75 -0.983809
274 -0.985197
274.25 -0.981072
274.5 -0.973739
274.75 -0.966571
275 -0.962941
275.25 -0.965099
275.5 -0.970808
275.75 -0.97671
276 -0.979447
276.25 -0.976715
276.5 -0.970439
276.75 -0.963597
277 -0.959169
277.25 -0.959259
277.5 -0.962465
277.75 -0.966513
278 -0.969126
278.25 -0.968628
278.5 -0.965744
278.75 -0.9618
279 -0.95812
279.25 -0.955771
279.5 -0.954781
279.75 -0.954921
280 -0.95596
280.25 -0.957559
280.5 -0.958937
280.75 -0.959204
281 -0.95747
281.25 -0.953314
281.5 -0.94818
281.75 -0.943982
282 -0.942633
282.25 -0.945273
282.5 -0.949947
282.75 -0.953927
283 -0.954484
283.25 -0.949886
283.5 -0.942383
283.75 -0.935223
284 -0.931652
284.25 -0.933808
284.5 -0.939387
284.75 -0.944978
285 -0.94717
285.25 -0.943653
285.5 -0.936531
285.75 -0.929008
286 -0.924292
286.25 -0.924611
286.5 -0.928292
286.75 -0.932682
287 -0.93513
287.25 -0.93373
287.5 -0.929545
287.75 -0.924383
288 -0.920053
288.25 -0.917932
288.5 -0.917684
288.75 -0.918538
289 -0.919727
289.25 -0.920552
289.5 -0.920589
289.75 -0.919482
290 -0.916877
290.25 -0.912716
290.5 -0.908142
290.75 -0.904593
291 -0.903511
291.25 -0.9057
291.5 -0.909426
291.75 -0.912323
292 -0.912021
292.25 -0.907054
292.5 -0.89956
292.75 -0.892576
293 -0.889141
293.25 -0.891226
293.5 -0.896519
293.75 -0.901644
294 -0.903221
294.25 -0.898994
294.5 -0.891192
294.75 -0.883166
295 -0.878266
295.25 -0.878793
295.5 -0.882838
295.75 -0.887444
296 -0.889651
296.25 -0.887369
296.5 -0.881973
296.75 -0.87571
297 -0.870824
297.25 -0.868971
297.5 -0.869454
297.75 -0.870985
298 -0.872278
298.25 -0.872293
298.5 -0.870972
298.75 -0.868503
299 -0.865075
299.25 -0.861
299.5 -0.857084
299.75 -0.854259
300 -0.853453
300.25 -0.855118
300.5 -0.857786
300.75 -0.859509
301 -0.858339
301.25 -0.853112
301.5 -0.845798
301.75 -0.83915
302 -0.835921
302.25 -0.837864
302.5 -0.842719
302.75 -0.847229
303 -0.848134
303.25 -0.843285
303.5 -0.834983
303.75 -0.826639
304 -0.821662
304.25 -0.822363
304.5 -0.826653
304.75 -0.831338
305 -0.833229
305.25 -0.830103
305.5 -0.823615
305.75 -0.81639
306 -0.811053
306.25 -0.809495
306.5 -0.810677
306.75 -0.812826
307 -0.81417
307.25 -0.813354
307.5 -0.810689
307.75 -0.8069
308 -0.802717
308.25 -0.79881
308.5 -0.795633
308.75 -0.793581
309 -0.793052
309.25 -0.79413
309.5 -0.79565
309.75 -0.796134
310 -0.794105
310.25 -0.788729
310.5 -0.78176
310.75 -0.775595
311 -0.772633
311.25 -0.774362
311.5 -0.778634
311.75 -0.782393
312 -0.78258
312.25 -0.777211
312.5 -0.768598
312.75 -0.760124
313 -0.755174
313.25 -0.75601
313.5 -0.760412
313.75 -0.765035
314 -0.766539
314.25 -0.762626
314.5 -0.755187
314.75 -0.747161
315 -0.741485
315.25 -0.740238
315.5 -0.742065
315.75 -0.744754
316 -0.746092
316.25 -0.744442
316.5 -0.740476
316.75 -0.73544
317 -0.730583
317.25 -0.72692
317.5 -0.724537
317.75 -0.723286
318 -0.723023
318.25 -0.723462
318.5 -0.723772
318.75 -0.72298
319 -0.720117
319.25 -0.714704
319.5 -0.708232
319.75 -0.702682
320 -0.700036
320.25 -0.701483
320.5 -0.705038
320.75 -0.707924
321 -0.707363
321.25 -0.701585
321.5 -0.692853
321.75 -0.68444
322 -0.679616
322.25 -0.680539
322.5 -0.684915
322.75 -0.689333
323 -0.690384
323.25 -0.685757
323.5 -0.67753
323.75 -0.66888
324 -0.662982
324.25 -0.66205
324.5 -0.66445
324.75 -0.667584
325 -0.668854
325.25 -0.666385
325.5 -0.661191
325.75 -0.655009
326 -0.649574
326.25 -0.64622
326.5 -0.644663
326.75 -0.644219
327 -0.6442
327.25 -0.643961
327.5 -0.643023
327.75 -0.640948
328 -0.637296
328.25 -0.631956
328.5 -0.626116
328.75 -0.621293
329 -0.619002
329.25 -0.620101
329.5 -0.62282
329.75 -0.624731
330 -0.623407
330.25 -0.617337
330.5 -0.60868
330.75 -0.600511
331 -0.595907
331.25 -0.596865
331.5 -0.601074
331.75 -0.605144
332 -0.605687
332.25 -0.600434
332.5 -0.591598
332.75 -0.582512
333 -0.576513
333.25 -0.575891
333.5 -0.578772
333.75 -0.582241
334 -0.58338
334.25 -0.580124
334.5 -0.573804
334.75 -0.566601
335 -0.560696
335.25 -0.557705
335.5 -0.556985
335.75 -0.557326
336 -0.557521
336.25 -0.55658
336.5 -0.554388
336.75 -0.55105
337 -0.546671
337.25 -0.541506
337.5 -0.536416
337.75 -0.532411
338 -0.530502
338.25 -0.531193
338.5 -0.532976
338.75 -0.533832
339 -0.531747
339.25 -0.525507
339.5 -0.517112
339.75 -0.509363
340 -0.505063
340.25 -0.505999
340.5 -0.509902
340.75 -0.513489
341 -0.513477
341.25 -0.507699
341.5 -0.498445
341.75 -0.489123
342 -0.483141
342.25 -0.482811
342.5 -0.486068
342.75 -0.48975
343 -0.490697
343.25 -0.486704
343.5 -0.479385
343.75 -0.471312
344 -0.465053
344.25 -0.462468
344.5 -0.462568
344.75 -0.463653
345 -0.464023
345.25 -0.462369
345.5 -0.458944
345.75 -0.454395
346 -0.449366
346.25 -0.444475
346.5 -0.44023
346.75 -0.43711
347 -0.435596
347.25 -0.435829
347.5 -0.436595
347.75 -0.43634
348 -0.433512
348.25 -0.427227
348.5 -0.419272
348.75 -0.412105
349 -0.408184
349.25 -0.409039
349.5 -0.412502
349.75 -0.41548
350 -0.414879
350.25 -0.408686
350.5 -0.399215
350.75 -0.389858
351 -0.384011
351.25 -0.383946
351.5 -0.38746
351.75 -0.391227
352 -0.391922
352.25 -0.387257
352.5 -0.37909
352.75 -0.370315
353 -0.363826
353.25 -0.361676
353.5 -0.362559
353.75 -0.364324
354 -0.364824
354.25 -0.362463
354.5 -0.357857
354.75 -0.352176
355 -0.346588
355.25 -0.342059
355.5 -0.33873
355.75 -0.336539
356 -0.335423
356.25 -0.335154
356.5 -0.334847
356.75 -0.333451
357 -0.329916
357.25 -0.323707
357.5 -0.316359
357.75 -0.30992
358 -0.306439
358.25 -0.307155
358.5 -0.310054
358.75 -0.31231
359 -0.311098
359.25 -0.304611
359.5 -0.295126
359.75 -0.285935
360 -0.280333
360.25 -0.280498
360.5 -0.284142
360.75 -0.287861
361 -0.288249
361.25 -0.282994
361.5 -0.274148
361.75 -0.264857
362 -0.258264
362.25 -0.256567
362.5 -0.258172
362.75 -0.260535
363 -0.261114
363.25 -0.258068
363.5 -0.25236
363.75 -0.245653
364 -0.239611
364.25 -0.23552
364.5 -0.233154
364.75 -0.231909
365 -0.231181
365.25 -0.230379
365.5 -0.228969
365.75 -0.226429
366 -0.222238
366.25 -0.216226
366.5 -0.209632
366.75 -0.204045
367 -0.201056
367.25 -0.201576
367.5 -0.203798
367.75 -0.205236
368 -0.203405
368.25 -0.196751
368.5 -0.187453
368.75 -0.178623
369 -0.17337
369.25 -0.173722
369.5 -0.177366
369.75 -0.180902
370 -0.180935
370.25 -0.175184
370.5 -0.165845
370.75 -0.156234
371 -0.149667
371.25 -0.148427
371.5 -0.150674
371.75 -0.153535
372 -0.15414
372.25 -0.150448
372.5 -0.143743
372.75 -0.136141
373 -0.129759
373.25 -0.126171
373.5 -0.124788
373.75 -0.124482
374 -0.12412
374.25 -0.122767
374.5 -0.12025
374.75 -0.116591
375 -0.111811
375.25 -0.106109
375.5 -0.100396
375.75 -0.0957644
376 -0.0933032
376.25 -0.0935741
376.5 -0.0950231
376.75 -0.0955673
377 -0.0931239
377.25 -0.0864319
377.5 -0.0775184
377.75 -0.0692322
378 -0.0644225
378.25 -0.0649124
378.5 -0.0684226
378.75 -0.0716481
379 -0.0712839
379.25 -0.0651427
379.5 -0.0555085
379.75 -0.0457828
380 -0.0393674
380.25 -0.0385754
380.5 -0.0413672
380.75 -0.0446146
381 -0.0451895
381.25 -0.0409042
381.5 -0.0333328
381.75 -0.0249896
382 -0.0183889
382.25 -0.015355
382.5 -0.014951
382.75 -0.0155499
383 -0.0155246
383.25 -0.0136132
383.5 -0.0100135
383.75 -0.00528813
384 -2.5405e-15
384.25 0.00528813
384.5 0.0100135
384.75 0.0136132
385 0.0155246
385.25 0.0155499
385.5 0.014951
385.75 0.015355
386 0.0183889
386.25 0.0249896
386.5 0.0333328
386.75 0.0409042
387 0.0451895
387.25 0.0446146
387.5 0.0413672
387.75 0.0385754
388 0.0393674
388.25 0.0457828
388.5 0.0555085
388.75 0.0651427
389 0.0712839
389.25 0.0716481
389.5 0.0684226
389.75 0.0649124
390 0.0644225
390.25 0.0692322
390.5 0.0775184
390.75 0.0864319
391 0.0931239
391.25 0.0955673
391.5 0.0950231
391.75 0.0935741
392 0.0933032
392.25 0.0957644
392.5 0.100396
392.75 0.106109
393 0.111811
393.25 0.116591
393.5 0.12025
393.75 0.122767
394 0.12412
394.25 0.124482
394.5 0.124788
394.75 0.126171
395 0.129759
395.25 0.136141
395.5 0.143743
395.75 0.150448
396 0.15414
396.25 0.153535
396.5 0.150674
396.75 0.148427
397 0.149667
397.25 0.156234
397.5 0.165845
397.75 0.175184
398 0.180935
398.25 0.180902
398.5 0.177366
398.75 0.173722
399 0.17337
399.25 0.178623
399.5 0.187453
399.75 0.196751
400 0.203405
400.25 0.205236
400.5 0.203798
400.75 0.201576
401 0.201056
401.25 0.204045
401.5 0.209632
401.75 0.216226
402 0.222238
402.25 0.226429
402.5 0.228969
402.75 0.230379
403 0.231181
403.25 0.231909
403.5 0.233154
403.75 0.23552
404 0.239611
404.25 0.245653
404.5 0.25236
404.75 0.258068
405 0.261114
405.25 0.260535
405.5 0.258172
405.75 0.256567
406 0.258264
406.25 0.264857
406.5 0.274148
406.75 0.282994
407 0.288249
407.25 0.287861
407.5 0.284142
407.75 0.280498
408 0.280333
408.25 0.285935
408.5 0.295126
408.75 0.304611
409 0.311098
409.25 0.31231
409.5 0.310054
409.75 0.307155
410 0.306439
410.25 0.30992
410.5 0.316359
410.75 0.323707
411 0.329916
411.25 0.333451
411.5 0.334847
411.75 0.335154
412 0.335423
412.25 0.336539
412.5 0.33873
412.75 0.342059
413 0.346588
413.25 0.352176
413.5 0.357857
413.75 0.362463
414 0.364824
414.25 0.364324
414.5 0.362559
414.75 0.361676
415 0.363826
415.25 0.370315
415.5 0.37909
415.75 0.387257
416 0.391922
416.25 0.391227
416.5 0.38746
416.75 0.383946
417 0.384011
417.25 0.389858
417.5 0.399215
417.75 0.408686
418 0.414879
418.25 0.41548
418.5 0.412502
418.75 0.409039
419 0.408184
419.25 0.412105
419.5 0.419272
419.75 0.427227
420 0.433512
420.25 0.43634
420.5 0.436595
420.75 0.435829
421 0.435596
421.25 0.43711
421.5 0.44023
421.75 0.444475
422 0.449366
422.25 0.454395
422.5 0.458944
422.75 0.462369
423 0.464023
423.25 0.463653
423.5 0.462568
423.75 0.462468
424 0.465053
424.25 0.471312
424.5 0.479385
424.75 0.486704
425 0.490697
425.25 0.48975
425.5 0.486068
425.75 0.482811
426 0.483141
426.25 0.489123
426.5 0.498445
426.75 0.507699
427 0.513477
427.25 0.513489
427.5 0.509902
427.75 0.505999
428 0.505063
428.25 0.509363
428.5 0.517112
428.75 0.525507
429 0.531747
429.25 0.533832
429.5 0.532976
429.75 0.531193
430 0.530502
430.25 0.532411
430.5 0.536416
430.75 0.541506
431 0.546671
431.25 0.55105
431.5 0.554388
431.75 0.55658
432 0.557521
432.25 0.557326
432.5 0.556985
432.75 0.557705
433 0.560696
433.25 0.566601
433.5 0.573804
433.75 0.580124
434 0.58338
434.25 0.582241
434.5 0.578772
434.75 0.575891
435 0.576513
435.25 0.582512
435.5 0.591598
435.75 0.600434
436 0.605687
436.25 0.605144
436.5 0.601074
436.75 0.596865
437 0.595907
437.25 0.600511
437.5 0.60868
437.75 0.617337
438 0.623407
438.25 0.624731
438.5 0.62282
438.75 0.620101
439 0.619002
439.25 0.621293
439.5 0.626116
439.75 0.631956
440 0.637296
440.25 0.640948
440.5 0.643023
440.75 0.643961
441 0.6442
441.25 0.644219
441.5 0.644663
441.75 0.64622
442 0.649574
442.25 0.655009
442.5 0.661191
442.75 0.666385
443 0.668854
443.25 0.667584
443.5 0.66445
443.75 0.66205
444 0.662982
444.25 0.66888
444.5 0.67753
444.75 0.685757
445 0.690384
445.25 0.689333
445.5 0.684915
445.75 0.680539
446 0.679616
446.25 0.68444
446.5 0.692853
446.75 0.701585
447 0.707363
447.25 0.707924
447.5 0.705038
447.75 0.701483
448 0.700036
448.25 0.702682
448.5 0.708232
448.75 0.714704
449 0.720117
449.25 0.72298
449.5 0.723772
449.75 0.723462
450 0.723023
450.25 0.723286
450.5 0.724537
450.75 0.72692
451 0.730583
451.25 0.73544
451.5 0.740476
451.75 0.744442
452 0.746092
452.25 0.744754
452.5 0.742065
452.75 0.740238
453 0.741485
453.25 0.747161
453.5 0.755187
453.75 0.762626
454 0.766539
454.25 0.765035
454.5 0.760412
454.75 0.75601
455 0.755174
455.25 0.760124
455.5 0.768598
455.75 0.777211
456 0.78258
456.25 0.782393
456.5 0.778634
456.75 0.774362
457 0.772633
457.25 0.775595
457.5 0.78176
457.75 0.788729
458 0.794105
458.25 0.796134
458.5 0.79565
458.75 0.79413
459 0.793052
459.25 0.793581
459.5 0.795633
459.75 0.79881
460 0.802717
460.25 0.8069
460.5 0.810689
460.75 0.813354
461 0.81417
461.25 0.812826
461.5 0.810677
461.75 0.809495
462 0.811053
462.25 0.81639
462.5 0.823615
462.75 0.830103
463 0.833229
463.25 0.831338
463.5 0.826653
463.75 0.822363
464 0.821662
464.25 0.826639
464.5 0.834983
464.75 0.843285
465 0.848134
465.25 0.847229
465.5 0.842719
465.75 0.837864
466 0.835921
466.25 0.83915
466.5 0.845798
466.75 0.853112
467 0.858339
467.25 0.859509
467.5 0.857786
467.75 0.855118
468 0.853453
468.25 0.854259
468.5 0.857084
468.75 0.861
469 0.865075
469.25 0.868503
469.5 0.870972
469.75 0.872293
470 0.872278
470.25 0.870985
470.5 0.869454
470.75 0.868971
471 0.870824
471.25 0.87571
471.5 0.881973
471.75 0.887369
472 0.889651
472.25 0.887444
472.5 0.882838
472.75 0.878793
473 0.878266
473.25 0.883166
473.5 0.891192
473.75 0.898994
474 0.903221
474.25 0.901644
474.5 0.896519
474.75 0.891226
475 0.889141
475.25 0.892576
475.5 0.89956
475.75 0.907054
476 0.912021
476.25 0.912323
476.5 0.909426
476.75 0.9057
477 0.903511
477.25 0.904593
477.5 0.908142
477.75 0.912716
478 0.916877
478.25 0.919482
478.5 0.920589
478.75 0.920552
479 0.919727
479.25 0.918538
479.5 0.917684
479.75 0.917932
480 0.920053
480.25 0.924383
480.5 0.929545
480.75 0.93373
481 0.93513
481.25 0.932682
481.5 0.928292
481.75 0.924611
482 0.924292
482.25 0.929008
482.5 0.936531
482.75 0.943653
483 0.94717
483.25 0.944978
483.5 0.939387
483.75 0.933808
484 0.931652
484.25 0.935223
484.5 0.942383
484.75 0.949886
485 0.954484
485.25 0.953927
485.5 0.949947
485.75 0.945273
486 0.942633
486.25 0.943982
486.5 0.94818
486.75 0.953314
487 0.95747
487.25 0.959204
487.5 0.958937
487.75 0.957559
488 0.95596
488.25 0.954921
488.5 0.954781
488.75 0.955771
489 0.95812
489.25 0.9618
489.5 0.965744
489.75 0.968628
490 0.969126
490.25 0.966513
490.5 0.962465
490.75 0.959259
491 0.959169
491.25 0.963597
491.5 0.970439
491.75 0.976715
492 0.979447
492.25 0.97671
492.5 0.970808
492.75 0.965099
493 0.962941
493.25 0.966571
493.5 0.973739
493.75 0.981072
494 0.985197
494.25 0.983809
494.5 0.97886
494.75 0.97337
495 0.970359
495.25 0.971952
495.5 0.976706
495.75 0.982281
496 0.986341
496.25 0.98717
496.5 0.985548
496.75 0.982876
497 0.980557
497.25 0.979706
497.5 0.980295
497.75 0.982012
498 0.984542
498.25 0.987489
498.5 0.990127
498.75 0.991648
499 0.991241
499.25 0.988541
499.5 0.984949
499.75 0.982308
500 0.982461
500.25 0.986498
500.5 0.992496
500.75 0.997777
501 0.999663
501.25 0.996462
501.5 0.990408
501.75 0.984723
502 0.982627
502.25 0.986233
502.5 0.993235
502.75 1.00022
503 1.00378
503.25 1.00161
503.5 0.995823
503.75 0.989665
504 0.986366
504.25 0.988167
504.5 0.993359
504.75 0.999243
505 1.00312
505.25 1.00305
505.5 1.00013
505.75 0.996243
506 0.993238
506.25 0.992541
506.5 0.993797
506.75 0.996208
507 0.998976
507.25 1.00136
507.5 1.00284
507.75 1.00295
508 1.00123
508.25 0.997635
508.5 0.993827
508.75 0.99188
509 0.993869
509.25 1.0007
509.5 1.00857
509.75 1.01252
510 1.00758
510.25 1.01543
510.5 1.01289
510.75 1.00341
511 0.990469
511.25 0
511.5 0
511.75 0
