0 1
0.25 0.999989
0.5 0.999974
0.75 0.999954
1 0.999925
1.25 0.999884
1.5 0.999832
1.75 0.99977
2 0.999699
2.25 0.999618
2.5 0.999529
2.75 0.99943
3 0.999322
3.25 0.999205
3.5 0.999078
3.75 0.998941
4 0.998795
4.25 0.99864
4.5 0.998476
4.75 0.998302
5 0.998118
5.25 0.997925
5.5 0.997723
5.75 0.997511
6 0.99729
6.25 0.99706
6.5 0.99682
6.75 0.996571
7 0.996313
7.25 0.996045
7.5 0.995767
7.75 0.995481
8 0.995185
8.25 0.994879
8.5 0.994565
8.75 0.99424
9 0.993907
9.25 0.993564
9.5 0.993212
9.75 0.99285
10 0.99248
10.25 0.992099
10.5 0.99171
10.75 0.991311
11 0.990903
11.25 0.990485
11.5 0.990058
11.75 0.989622
12 0.989177
12.25 0.988722
12.5 0.988258
12.75 0.987784
13 0.987301
13.25 0.986809
13.5 0.986308
13.75 0.985798
14 0.985278
14.25 0.984749
14.5 0.98421
14.75 0.983662
15 0.983105
15.25 0.982539
15.5 0.981964
15.75 0.981379
16 0.980785
16.25 0.980182
16.5 0.97957
16.75 0.978948
17 0.978317
17.25 0.977677
17.5 0.977028
17.75 0.97637
18 0.975702
18.25 0.975025
18.5 0.974339
18.75 0.973644
19 0.97294
19.25 0.972226
19.5 0.971504
19.75 0.970772
20 0.970031
20.25 0.969281
20.5 0.968522
20.75 0.967754
21 0.966976
21.25 0.96619
21.5 0.965394
21.75 0.96459
22 0.963776
22.25 0.962953
22.5 0.962121
22.75 0.96128
23 0.960431
23.25 0.959572
23.5 0.958703
23.75 0.957826
24 0.95694
24.25 0.956045
24.5 0.955141
24.75 0.954228
25 0.953306
25.25 0.952375
25.5 0.951435
25.75 0.950486
26 0.949528
26.25 0.948561
26.5 0.947586
26.75 0.946601
27 0.945607
27.25 0.944605
27.5 0.943593
27.75 0.942573
28 0.941544
28.25 0.940506
28.5 0.939459
28.75 0.938404
29 0.937339
29.25 0.936266
29.5 0.935184
29.75 0.934093
30 0.932993
30.25 0.931884
30.5 0.930767
30.75 0.929641
31 0.928506
31.25 0.927363
31.5 0.92621
31.75 0.925049
32 0.92388
32.25 0.922701
32.5 0.921514
32.75 0.920318
33 0.919114
33.25 0.917901
33.5 0.916679
33.75 0.915449
34 0.91421
34.25 0.912962
34.5 0.911706
34.75 0.910441
35 0.909168
35.25 0.907886
35.5 0.906596
35.75 0.905297
36 0.903989
36.25 0.902673
36.5 0.901349
36.75 0.900016
37 0.898674
37.25 0.897325
37.5 0.895966
37.75 0.894599
38 0.893224
38.25 0.891841
38.5 0.890449
38.75 0.889048
39 0.88764
39.25 0.886223
39.5 0.884797
39.75 0.883363
40 0.881921
40.25 0.880471
40.5 0.879012
40.75 0.877545
41 0.87607
41.25 0.874587
41.5 0.873095
41.75 0.871595
42 0.870087
42.25 0.868571
42.5 0.867046
42.75 0.865514
43 0.863973
43.25 0.862424
43.5 0.860867
43.75 0.859302
44 0.857729
44.25 0.856147
44.5 0.854558
44.75 0.852961
45 0.851355
45.25 0.849742
45.5 0.84812
45.75 0.846491
46 0.844854
46.25 0.843208
46.5 0.841555
46.75 0.839894
47 0.838225
47.25 0.836548
47.5 0.834863
47.75 0.83317
48 0.83147
48.25 0.829761
48.5 0.828045
48.75 0.826321
49 0.824589
49.25 0.82285
49.5 0.821103
49.75 0.819348
50 0.817585
50.25 0.815814
50.5 0.814036
50.75 0.812251
51 0.810457
51.25 0.808656
51.5 0.806848
51.75 0.805031
52 0.803208
52.25 0.801376
52.5 0.799537
52.75 0.797691
53 0.795837
53.25 0.793975
53.5 0.792107
53.75 0.79023
54 0.788346
54.25 0.786455
54.5 0.784557
54.75 0.782651
55 0.780737
55.25 0.778817
55.5 0.776888
55.75 0.774953
56 0.77301
56.25 0.771061
56.5 0.769103
56.75 0.767139
57 0.765167
57.25 0.763188
57.5 0.761202
57.75 0.759209
58 0.757209
58.25 0.755201
58.5 0.753187
58.75 0.751165
59 0.749136
59.25 0.747101
59.5 0.745058
59.75 0.743008
60 0.740951
60.25 0.738887
60.5 0.736817
60.75 0.734739
61 0.732654
61.25 0.730563
61.5 0.728464
61.75 0.726359
62 0.724247
62.25 0.722128
62.5 0.720003
62.75 0.71787
63 0.715731
63.25 0.713585
63.5 0.711432
63.75 0.709273
64 0.707107
64.25 0.704934
64.5 0.702755
64.75 0.700569
65 0.698376
65.25 0.696177
65.5 0.693971
65.75 0.691759
66 0.689541
66.25 0.687315
66.5 0.685084
66.75 0.682846
67 0.680601
67.25 0.67835
67.5 0.676093
67.75 0.673829
68 0.671559
68.25 0.669283
68.5 0.667
68.75 0.664711
69 0.662416
69.25 0.660114
69.5 0.657807
69.75 0.655493
70 0.653173
70.25 0.650847
70.5 0.648514
70.75 0.646176
71 0.643832
71.25 0.641481
71.5 0.639124
71.75 0.636762
72 0.634393
72.25 0.632019
72.5 0.629638
72.75 0.627252
73 0.624859
73.25 0.622461
73.5 0.620057
73.75 0.617647
74 0.615232
74.25 0.61281
74.5 0.610383
74.75 0.60795
75 0.605511
75.25 0.603067
75.5 0.600616
75.75 0.598161
76 0.595699
76.25 0.593232
76.5 0.59076
76.75 0.588282
77 0.585798
77.25 0.583309
77.5 0.580814
77.75 0.578314
78 0.575808
78.25 0.573297
78.5 0.570781
78.75 0.568259
79 0.565732
79.25 0.563199
79.5 0.560662
79.75 0.558119
80 0.55557
80.25 0.553017
80.5 0.550458
80.75 0.547894
81 0.545325
81.25 0.542751
81.5 0.540171
81.75 0.537587
82 0.534998
82.25 0.532403
82.5 0.529804
82.75 0.527199
83 0.52459
83.25 0.521975
83.5 0.519356
83.75 0.516732
84 0.514103
84.25 0.511469
84.5 0.50883
84.75 0.506187
85 0.503538
85.25 0.500885
85.5 0.498228
85.75 0.495565
86 0.492898
86.25 0.490226
86.5 0.48755
86.75 0.484869
87 0.482184
87.25 0.479494
87.5 0.476799
87.75 0.4741
88 0.471397
88.25 0.468689
88.5 0.465976
88.75 0.46326
89 0.460539
89.25 0.457813
89.5 0.455084
89.75 0.45235
90 0.449611
90.25 0.446869
90.5 0.444122
90.75 0.441371
91 0.438616
91.25 0.435857
91.5 0.433094
91.75 0.430326
92 0.427555
92.25 0.42478
92.5 0.422
92.75 0.419217
93 0.41643
93.25 0.413638
93.5 0.410843
93.75 0.408044
94 0.405241
94.25 0.402435
94.5 0.399624
94.75 0.39681
95 0.393992
95.25 0.39117
95.5 0.388345
95.75 0.385516
96 0.382683
96.25 0.379847
96.5 0.377007
96.75 0.374164
97 0.371317
97.25 0.368467
97.5 0.365613
97.75 0.362756
98 0.359895
98.25 0.357031
98.5 0.354164
98.75 0.351293
99 0.348419
99.25 0.345541
99.5 0.342661
99.75 0.339777
100 0.33689
100.25 0.334
100.5 0.331106
100.75 0.32821
101 0.32531
101.25 0.322408
101.5 0.319502
101.75 0.316593
102 0.313682
102.25 0.310767
102.5 0.30785
102.75 0.304929
103 0.302006
103.25 0.29908
103.5 0.296151
103.75 0.293219
104 0.290285
104.25 0.287347
104.5 0.284408
104.75 0.281465
105 0.27852
105.25 0.275572
105.5 0.272621
105.75 0.269668
106 0.266713
106.25 0.263755
106.5 0.260794
106.75 0.257831
107 0.254866
107.25 0.251898
107.5 0.248928
107.75 0.245955
108 0.24298
108.25 0.240003
108.5 0.237024
108.75 0.234042
109 0.231058
109.25 0.228072
109.5 0.225084
109.75 0.222094
110 0.219101
110.25 0.216107
110.5 0.21311
110.75 0.210112
111 0.207111
111.25 0.204109
111.5 0.201105
111.75 0.198098
112 0.19509
112.25 0.19208
112.5 0.189069
112.75 0.186055
113 0.18304
113.25 0.180023
113.5 0.177004
113.75 0.173984
114 0.170962
114.25 0.167938
114.5 0.164913
114.75 0.161886
115 0.158858
115.25 0.155828
115.5 0.152797
115.75 0.149765
116 0.14673
116.25 0.143695
116.5 0.140658
116.75 0.13762
117 0.134581
117.25 0.13154
117.5 0.128498
117.75 0.125455
118 0.122411
118.25 0.119365
118.5 0.116319
118.75 0.113271
119 0.110222
119.25 0.107172
119.5 0.104122
119.75 0.10107
120 0.0980171
120.25 0.0949635
120.5 0.091909
120.75 0.0888536
121 0.0857973
121.25 0.0827403
121.5 0.0796824
121.75 0.0766239
122 0.0735646
122.25 0.0705046
122.5 0.0674439
122.75 0.0643826
123 0.0613207
123.25 0.0582583
123.5 0.0551952
123.75 0.0521317
124 0.0490677
124.25 0.0460032
124.5 0.0429383
124.75 0.0398729
125 0.0368072
125.25 0.0337412
125.5 0.0306748
125.75 0.0276081
126 0.0245412
126.25 0.0214741
126.5 0.0184067
126.75 0.0153392
127 0.0122715
127.25 0.00920375
127.5 0.00613588
127.75 0.00306796
128 8.88234e-14
128.25 -0.00306796
128.5 -0.00613588
128.75 -0.00920375
129 -0.0122715
129.25 -0.0153392
129.5 -0.0184067
129.75 -0.0214741
130 -0.0245412
130.25 -0.0276081
130.5 -0.0306748
130.75 -0.0337412
131 -0.0368072
131.25 -0.0398729
131.5 -0.0429383
131.75 -0.0460032
132 -0.0490677
132.25 -0.0521317
132.5 -0.0551952
132.75 -0.0582583
133 -0.0613207
133.25 -0.0643826
133.5 -0.0674439
133.75 -0.0705046
134 -0.0735646
134.25 -0.0766239
134.5 -0.0796824
134.75 -0.0827403
135 -0.0857973
135.25 -0.0888536
135.5 -0.091909
135.75 -0.0949635
136 -0.0980171
136.25 -0.10107
136.5 -0.104122
136.75 -0.107172
137 -0.110222
137.25 -0.113271
137.5 -0.116319
137.75 -0.119365
138 -0.122411
138.25 -0.125455
138.5 -0.128498
138.75 -0.13154
139 -0.134581
139.25 -0.13762
139.5 -0.140658
139.75 -0.143695
140 -0.14673
140.25 -0.149765
140.5 -0.152797
140.75 -0.155828
141 -0.158858
141.25 -0.161886
141.5 -0.164913
141.75 -0.167938
142 -0.170962
142.25 -0.173984
142.5 -0.177004
142.75 -0.180023
143 -0.18304
143.25 -0.186055
143.5 -0.189069
143.75 -0.19208
144 -0.19509
144.25 -0.198098
144.5 -0.201105
144.75 -0.204109
145 -0.207111
145.25 -0.210112
145.5 -0.21311
145.75 -0.216107
146 -0.219101
146.25 -0.222094
146.5 -0.225084
146.75 -0.228072
147 -0.231058
147.25 -0.234042
147.5 -0.237024
147.75 -0.240003
148 -0.24298
148.25 -0.245955
148.5 -0.248928
148.75 -0.251898
149 -0.254866
149.25 -0.257831
149.5 -0.260794
149.75 -0.263755
150 -0.266713
150.25 -0.269668
150.5 -0.272621
150.75 -0.275572
151 -0.27852
151.25 -0.281465
151.5 -0.284408
151.75 -0.287347
152 -0.290285
152.25 -0.293219
152.5 -0.296151
152.75 -0.29908
153 -0.302006
153.25 -0.304929
153.5 -0.30785
153.75 -0.310767
154 -0.313682
154.25 -0.316593
154.5 -0.319502
154.75 -0.322408
155 -0.32531
155.25 -0.32821
155.5 -0.331106
155.75 -0.334
156 -0.33689
156.25 -0.339777
156.5 -0.342661
156.75 -0.345541
157 -0.348419
157.25 -0.351293
157.5 -0.354164
157.75 -0.357031
158 -0.359895
158.25 -0.362756
158.5 -0.365613
158.75 -0.368467
159 -0.371317
159.25 -0.374164
159.5 -0.377007
159.75 -0.379847
160 -0.382683
160.25 -0.385516
160.5 -0.388345
160.75 -0.39117
161 -0.393992
161.25 -0.39681
161.5 -0.399624
161.75 -0.402435
162 -0.405241
162.25 -0.408044
162.5 -0.410843
162.75 -0.413638
163 -0.41643
163.25 -0.419217
163.5 -0.422
163.75 -0.42478
164 -0.427555
164.25 -0.430326
164.5 -0.433094
164.75 -0.435857
165 -0.438616
165.25 -0.441371
165.5 -0.444122
165.75 -0.446869
166 -0.449611
166.25 -0.45235
166.5 -0.455084
166.75 -0.457813
167 -0.460539
167.25 -0.46326
167.5 -0.465976
167.75 -0.468689
168 -0.471397
168.25 -0.4741
168.5 -0.476799
168.75 -0.479494
169 -0.482184
169.25 -0.484869
169.5 -0.48755
169.75 -0.490226
170 -0.492898
170.25 -0.495565
170.5 -0.498228
170.75 -0.500885
171 -0.503538
171.25 -0.506187
171.5 -0.50883
171.75 -0.511469
172 -0.514103
172.25 -0.516732
172.5 -0.519356
172.75 -0.521975
173 -0.52459
173.25 -0.527199
173.5 -0.529804
173.75 -0.532403
174 -0.534998
174.25 -0.537587
174.5 -0.540171
174.75 -0.542751
175 -0.545325
175.25 -0.547894
175.5 -0.550458
175.75 -0.553017
176 -0.55557
176.25 -0.558119
176.5 -0.560662
176.75 -0.563199
177 -0.565732
177.25 -0.568259
177.5 -0.570781
177.75 -0.573297
178 -0.575808
178.25 -0.578314
178.5 -0.580814
178.75 -0.583309
179 -0.585798
179.25 -0.588282
179.5 -0.59076
179.75 -0.593232
180 -0.595699
180.25 -0.598161
180.5 -0.600616
180.75 -0.603067
181 -0.605511
181.25 -0.60795
181.5 -0.610383
181.75 -0.61281
182 -0.615232
182.25 -0.617647
182.5 -0.620057
182.75 -0.622461
183 -0.624859
183.25 -0.627252
183.5 -0.629638
183.75 -0.632019
184 -0.634393
184.25 -0.636762
184.5 -0.639124
184.75 -0.641481
185 -0.643832
185.25 -0.646176
185.5 -0.648514
185.75 -0.650847
186 -0.653173
186.25 -0.655493
186.5 -0.657807
186.75 -0.660114
187 -0.662416
187.25 -0.664711
187.5 -0.667
187.75 -0.669283
188 -0.671559
188.25 -0.673829
188.5 -0.676093
188.75 -0.67835
189 -0.680601
189.25 -0.682846
189.5 -0.685084
189.75 -0.687315
190 -0.689541
190.25 -0.691759
190.5 -0.693971
190.75 -0.696177
191 -0.698376
191.25 -0.700569
191.5 -0.702755
191.75 -0.704934
192 -0.707107
192.25 -0.709273
192.5 -0.711432
192.75 -0.713585
193 -0.715731
193.25 -0.71787
193.5 -0.720003
193.75 -0.722128
194 -0.724247
194.25 -0.726359
194.5 -0.728464
194.75 -0.730563
195 -0.732654
195.25 -0.734739
195.5 -0.736817
195.75 -0.738887
196 -0.740951
196.25 -0.743008
196.5 -0.745058
196.75 -0.747101
197 -0.749136
197.25 -0.751165
197.5 -0.753187
197.75 -0.755201
198 -0.757209
198.25 -0.759209
198.5 -0.761202
198.75 -0.763188
199 -0.765167
199.25 -0.767139
199.5 -0.769103
199.75 -0.771061
200 -0.77301
200.25 -0.774953
200.5 -0.776888
200.75 -0.778817
201 -0.780737
201.25 -0.782651
201.5 -0.784557
201.75 -0.786455
202 -0.788346
202.25 -0.79023
202.5 -0.792107
202.75 -0.793975
203 -0.795837
203.25 -0.797691
203.5 -0.799537
203.75 -0.801376
204 -0.803208
204.25 -0.805031
204.5 -0.806848
204.75 -0.808656
205 -0.810457
205.25 -0.812251
205.5 -0.814036
205.75 -0.815814
206 -0.817585
206.25 -0.819348
206.5 -0.821103
206.75 -0.82285
207 -0.824589
207.25 -0.826321
207.5 -0.828045
207.75 -0.829761
208 -0.83147
208.25 -0.83317
208.5 -0.834863
208.75 -0.836548
209 -0.838225
209.25 -0.839894
209.5 -0.841555
209.75 -0.843208
210 -0.844854
210.25 -0.846491
210.5 -0.84812
210.75 -0.849742
211 -0.851355
211.25 -0.852961
211.5 -0.854558
211.75 -0.856147
212 -0.857729
212.25 -0.859302
212.5 -0.860867
212.75 -0.862424
213 -0.863973
213.25 -0.865514
213.5 -0.867046
213.75 -0.868571
214 -0.870087
214.25 -0.871595
214.5 -0.873095
214.75 -0.874587
215 -0.87607
215.25 -0.877545
215.5 -0.879012
215.75 -0.880471
216 -0.881921
216.25 -0.883363
216.5 -0.884797
216.75 -0.886223
217 -0.88764
217.25 -0.889048
217.5 -0.890449
217.75 -0.891841
218 -0.893224
218.25 -0.894599
218.5 -0.895966
218.75 -0.897325
219 -0.898674
219.25 -0.900016
219.5 -0.901349
219.75 -0.902673
220 -0.903989
220.25 -0.905297
220.5 -0.906596
220.75 -0.907886
221 -0.909168
221.25 -0.910441
221.5 -0.911706
221.75 -0.912962
222 -0.91421
222.25 -0.915449
222.5 -0.916679
222.75 -0.917901
223 -0.919114
223.25 -0.920318
223.5 -0.921514
223.75 -0.922701
224 -0.92388
224.25 -0.925049
224.5 -0.92621
224.75 -0.927363
225 -0.928506
225.25 -0.929641
225.5 -0.930767
225.75 -0.931884
226 -0.932993
226.25 -0.934093
226.5 -0.935184
226.75 -0.936266
227 -0.937339
227.25 -0.938404
227.5 -0.939459
227.75 -0.940506
228 -0.941544
228.25 -0.942573
228.5 -0.943593
228.75 -0.944605
229 -0.945607
229.25 -0.946601
229.5 -0.947586
229.75 -0.948561
230 -0.949528
230.25 -0.950486
230.5 -0.951435
230.75 -0.952375
231 -0.953306
231.25 -0.954228
231.5 -0.955141
231.75 -0.956045
232 -0.95694
232.25 -0.957826
232.5 -0.958703
232.75 -0.959572
233 -0.960431
233.25 -0.96128
233.5 -0.962121
233.75 -0.962953
234 -0.963776
234.25 -0.96459
234.5 -0.965394
234.75 -0.96619
235 -0.966976
235.25 -0.967754
235.5 -0.968522
235.75 -0.969281
236 -0.970031
236.25 -0.970772
236.5 -0.971504
236.75 -0.972226
237 -0.97294
237.25 -0.973644
237.5 -0.974339
237.75 -0.975025
238 -0.975702
238.25 -0.97637
238.5 -0.977028
238.75 -0.977677
239 -0.978317
239.25 -0.978948
239.5 -0.97957
239.75 -0.980182
240 -0.980785
240.25 -0.981379
240.5 -0.981964
240.75 -0.982539
241 -0.983105
241.25 -0.983662
241.5 -0.98421
241.75 -0.984749
242 -0.985278
242.25 -0.985798
242.5 -0.986308
242.75 -0.986809
243 -0.987301
243.25 -0.987784
243.5 -0.988258
243.75 -0.988722
244 -0.989177
244.25 -0.989622
244.5 -0.990058
244.75 -0.990485
245 -0.990903
245.25 -0.991311
245.5 -0.99171
245.75 -0.992099
246 -0.99248
246.25 -0.99285
246.5 -0.993212
246.75 -0.993564
247 -0.993907
247.25 -0.99424
247.5 -0.994565
247.75 -0.994879
248 -0.995185
248.25 -0.995481
248.5 -0.995767
248.75 -0.996045
249 -0.996313
249.25 -0.996571
249.5 -0.99682
249.75 -0.99706
250 -0.99729
250.25 -0.997511
250.5 -0.997723
250.75 -0.997925
251 -0.998118
251.25 -0.998302
251.5 -0.998476
251.75 -0.99864
252 -0.998795
252.25 -0.998941
252.5 -0.999078
252.75 -0.999205
253 -0.999322
253.25 -0.999431
253.5 -0.999529
253.75 -0.999619
254 -0.999699
254.25 -0.999769
254.5 -0.999831
254.75 -0.999882
255 -0.999925
255.25 -0.999958
255.5 -0.999981
255.75 -0.999995
256 -1
256.25 -0.999995
256.5 -0.999981
256.75 -0.999958
257 -0.999925
257.25 -0.999882
257.5 -0.999831
257.75 -0.999769
258 -0.999699
258.25 -0.999619
258.5 -0.999529
258.75 -0.999431
259 -0.999322
259.25 -0.999205
259.5 -0.999078
259.75 -0.998941
260 -0.998795
260.25 -0.99864
260.5 -0.998476
260.75 -0.998302
261 -0.998118
261.25 -0.997925
261.5 -0.997723
261.75 -0.997511
262 -0.99729
262.25 -0.99706
262.5 -0.99682
262.75 -0.996571
263 -0.996313
263.25 -0.996045
263.5 -0.995767
263.75 -0.995481
264 -0.995185
264.25 -0.994879
264.5 -0.994565
264.75 -0.99424
265 -0.993907
265.25 -0.993564
265.5 -0.993212
265.75 -0.99285
266 -0.99248
266.25 -0.992099
266.5 -0.99171
266.75 -0.991311
267 -0.990903
267.25 -0.990485
267.5 -0.990058
267.75 -0.989622
268 -0.989177
268.25 -0.988722
268.5 -0.988258
268.75 -0.987784
269 -0.987301
269.25 -0.986809
269.5 -0.986308
269.75 -0.985798
270 -0.985278
270.25 -0.984749
270.5 -0.98421
270.75 -0.983662
271 -0.983105
271.25 -0.982539
271.5 -0.981964
271.75 -0.981379
272 -0.980785
272.25 -0.980182
272.5 -0.97957
272.75 -0.978948
273 -0.978317
273.25 -0.977677
273.5 -0.977028
273.75 -0.97637
274 -0.975702
274.25 -0.975025
274.5 -0.974339
274.75 -0.973644
275 -0.97294
275.25 -0.972226
275.5 -0.971504
275.75 -0.970772
276 -0.970031
276.25 -0.969281
276.5 -0.968522
276.75 -0.967754
277 -0.966976
277.25 -0.96619
277.5 -0.965394
277.75 -0.96459
278 -0.963776
278.25 -0.962953
278.5 -0.962121
278.75 -0.96128
279 -0.960431
279.25 -0.959572
279.5 -0.958703
279.75 -0.957826
280 -0.95694
280.25 -0.956045
280.5 -0.955141
280.75 -0.954228
281 -0.953306
281.25 -0.952375
281.5 -0.951435
281.75 -0.950486
282 -0.949528
282.25 -0.948561
282.5 -0.947586
282.75 -0.946601
283 -0.945607
283.25 -0.944605
283.5 -0.943593
283.75 -0.942573
284 -0.941544
284.25 -0.940506
284.5 -0.939459
284.75 -0.938404
285 -0.937339
285.25 -0.936266
285.5 -0.935184
285.75 -0.934093
286 -0.932993
286.25 -0.931884
286.5 -0.930767
286.75 -0.929641
287 -0.928506
287.25 -0.927363
287.5 -0.92621
287.75 -0.925049
288 -0.92388
288.25 -0.922701
288.5 -0.921514
288.75 -0.920318
289 -0.919114
289.25 -0.917901
289.5 -0.916679
289.75 -0.915449
290 -0.91421
290.25 -0.912962
290.5 -0.911706
290.75 -0.910441
291 -0.909168
291.25 -0.907886
291.5 -0.906596
291.75 -0.905297
292 -0.903989
292.25 -0.902673
292.5 -0.901349
292.75 -0.900016
293 -0.898674
293.25 -0.897325
293.5 -0.895966
293.75 -0.894599
294 -0.893224
294.25 -0.891841
294.5 -0.890449
294.75 -0.889048
295 -0.88764
295.25 -0.886223
295.5 -0.884797
295.75 -0.883363
296 -0.881921
296.25 -0.880471
296.5 -0.879012
296.75 -0.877545
297 -0.87607
297.25 -0.874587
297.5 -0.873095
297.75 -0.871595
298 -0.870087
298.25 -0.868571
298.5 -0.867046
298.75 -0.865514
299 -0.863973
299.25 -0.862424
299.5 -0.860867
299.75 -0.859302
300 -0.857729
300.25 -0.856147
300.5 -0.854558
300.75 -0.852961
301 -0.851355
301.25 -0.849742
301.5 -0.84812
301.75 -0.846491
302 -0.844854
302.25 -0.843208
302.5 -0.841555
302.75 -0.839894
303 -0.838225
303.25 -0.836548
303.5 -0.834863
303.75 -0.83317
304 -0.83147
304.25 -0.829761
304.5 -0.828045
304.75 -0.826321
305 -0.824589
305.25 -0.82285
305.5 -0.821103
305.75 -0.819348
306 -0.817585
306.25 -0.815814
306.5 -0.814036
306.75 -0.812251
307 -0.810457
307.25 -0.808656
307.5 -0.806848
307.75 -0.805031
308 -0.803208
308.25 -0.801376
308.5 -0.799537
308.75 -0.797691
309 -0.795837
309.25 -0.793975
309.5 -0.792107
309.75 -0.79023
310 -0.788346
310.25 -0.786455
310.5 -0.784557
310.75 -0.782651
311 -0.780737
311.25 -0.778817
311.5 -0.776888
311.75 -0.774953
312 -0.77301
312.25 -0.771061
312.5 -0.769103
312.75 -0.767139
313 -0.765167
313.25 -0.763188
313.5 -0.761202
313.75 -0.759209
314 -0.757209
314.25 -0.755201
314.5 -0.753187
314.75 -0.751165
315 -0.749136
315.25 -0.747101
315.5 -0.745058
315.75 -0.743008
316 -0.740951
316.25 -0.738887
316.5 -0.736817
316.75 -0.734739
317 -0.732654
317.25 -0.730563
317.5 -0.728464
317.75 -0.726359
318 -0.724247
318.25 -0.722128
318.5 -0.720003
318.75 -0.71787
319 -0.715731
319.25 -0.713585
319.5 -0.711432
319.75 -0.709273
320 -0.707107
320.25 -0.704934
320.5 -0.702755
320.75 -0.700569
321 -0.698376
321.25 -0.696177
321.5 -0.693971
321.75 -0.691759
322 -0.689541
322.25 -0.687315
322.5 -0.685084
322.75 -0.682846
323 -0.680601
323.25 -0.67835
323.5 -0.676093
323.75 -0.673829
324 -0.671559
324.25 -0.669283
324.5 -0.667
324.75 -0.664711
325 -0.662416
325.25 -0.660114
325.5 -0.657807
325.75 -0.655493
326 -0.653173
326.25 -0.650847
326.5 -0.648514
326.75 -0.646176
327 -0.643832
327.25 -0.641481
327.5 -0.639124
327.75 -0.636762
328 -0.634393
328.25 -0.632019
328.5 -0.629638
328.75 -0.627252
329 -0.624859
329.25 -0.622461
329.5 -0.620057
329.75 -0.617647
330 -0.615232
330.25 -0.61281
330.5 -0.610383
330.75 -0.60795
331 -0.605511
331.25 -0.603067
331.5 -0.600616
331.75 -0.598161
332 -0.595699
332.25 -0.593232
332.5 -0.59076
332.75 -0.588282
333 -0.585798
333.25 -0.583309
333.5 -0.580814
333.75 -0.578314
334 -0.575808
334.25 -0.573297
334.5 -0.570781
334.75 -0.568259
335 -0.565732
335.25 -0.563199
335.5 -0.560662
335.75 -0.558119
336 -0.55557
336.25 -0.553017
336.5 -0.550458
336.75 -0.547894
337 -0.545325
337.25 -0.542751
337.5 -0.540171
337.75 -0.537587
338 -0.534998
338.25 -0.532403
338.5 -0.529804
338.75 -0.527199
339 -0.52459
339.25 -0.521975
339.5 -0.519356
339.75 -0.516732
340 -0.514103
340.25 -0.511469
340.5 -0.50883
340.75 -0.506187
341 -0.503538
341.25 -0.500885
341.5 -0.498228
341.75 -0.495565
342 -0.492898
342.25 -0.490226
342.5 -0.48755
342.75 -0.484869
343 -0.482184
343.25 -0.479494
343.5 -0.476799
343.75 -0.4741
344 -0.471397
344.25 -0.468689
344.5 -0.465976
344.75 -0.46326
345 -0.460539
345.25 -0.457813
345.5 -0.455084
345.75 -0.45235
346 -0.449611
346.25 -0.446869
346.5 -0.444122
346.75 -0.441371
347 -0.438616
347.25 -0.435857
347.5 -0.433094
347.75 -0.430326
348 -0.427555
348.25 -0.42478
348.5 -0.422
348.75 -0.419217
349 -0.41643
349.25 -0.413638
349.5 -0.410843
349.75 -0.408044
350 -0.405241
350.25 -0.402435
350.5 -0.399624
350.75 -0.39681
351 -0.393992
351.25 -0.39117
351.5 -0.388345
351.75 -0.385516
352 -0.382683
352.25 -0.379847
352.5 -0.377007
352.75 -0.374164
353 -0.371317
353.25 -0.368467
353.5 -0.365613
353.75 -0.362756
354 -0.359895
354.25 -0.357031
354.5 -0.354164
354.75 -0.351293
355 -0.348419
355.25 -0.345541
355.5 -0.342661
355.75 -0.339777
356 -0.33689
356.25 -0.334
356.5 -0.331106
356.75 -0.32821
357 -0.32531
357.25 -0.322408
357.5 -0.319502
357.75 -0.316593
358 -0.313682
358.25 -0.310767
358.5 -0.30785
358.75 -0.304929
359 -0.302006
359.25 -0.29908
359.5 -0.296151
359.75 -0.293219
360 -0.290285
360.25 -0.287347
360.5 -0.284408
360.75 -0.281465
361 -0.27852
361.25 -0.275572
361.5 -0.272621
361.75 -0.269668
362 -0.266713
362.25 -0.263755
362.5 -0.260794
362.75 -0.257831
363 -0.254866
363.25 -0.251898
363.5 -0.248928
363.75 -0.245955
364 -0.24298
364.25 -0.240003
364.5 -0.237024
364.75 -0.234042
365 -0.231058
365.25 -0.228072
365.5 -0.225084
365.75 -0.222094
366 -0.219101
366.25 -0.216107
366.5 -0.21311
366.75 -0.210112
367 -0.207111
367.25 -0.204109
367.5 -0.201105
367.75 -0.198098
368 -0.19509
368.25 -0.19208
368.5 -0.189069
368.75 -0.186055
369 -0.18304
369.25 -0.180023
369.5 -0.177004
369.75 -0.173984
370 -0.170962
370.25 -0.167938
370.5 -0.164913
370.75 -0.161886
371 -0.158858
371.25 -0.155828
371.5 -0.152797
371.75 -0.149765
372 -0.14673
372.25 -0.143695
372.5 -0.140658
372.75 -0.13762
373 -0.134581
373.25 -0.13154
373.5 -0.128498
373.75 -0.125455
374 -0.122411
374.25 -0.119365
374.5 -0.116319
374.75 -0.113271
375 -0.110222
375.25 -0.107172
375.5 -0.104122
375.75 -0.10107
376 -0.0980171
376.25 -0.0949635
376.5 -0.091909
376.75 -0.0888536
377 -0.0857973
377.25 -0.0827403
377.5 -0.0796824
377.75 -0.0766239
378 -0.0735646
378.25 -0.0705046
378.5 -0.0674439
378.75 -0.0643826
379 -0.0613207
379.25 -0.0582583
379.5 -0.0551952
379.75 -0.0521317
380 -0.0490677
380.25 -0.0460032
380.5 -0.0429383
380.75 -0.0398729
381 -0.0368072
381.25 -0.0337412
381.5 -0.0306748
381.75 -0.0276081
382 -0.0245412
382.25 -0.0214741
382.5 -0.0184067
382.75 -0.0153392
383 -0.0122715
383.25 -0.00920375
383.5 -0.00613588
383.75 -0.00306796
384 -1.91264e-14
384.25 0.00306796
384.5 0.00613588
384.75 0.00920375
385 0.0122715
385.25 0.0153392
385.5 0.0184067
385.75 0.0214741
386 0.0245412
386.25 0.0276081
386.5 0.0306748
386.75 0.0337412
387 0.0368072
387.25 0.0398729
387.5 0.0429383
387.75 0.0460032
388 0.0490677
388.25 0.0521317
388.5 0.0551952
388.75 0.0582583
389 0.0613207
389.25 0.0643826
389.5 0.0674439
389.75 0.0705046
390 0.0735646
390.25 0.0766239
390.5 0.0796824
390.75 0.0827403
391 0.0857973
391.25 0.0888536
391.5 0.091909
391.75 0.0949635
392 0.0980171
392.25 0.10107
392.5 0.104122
392.75 0.107172
393 0.110222
393.25 0.113271
393.5 0.116319
393.75 0.119365
394 0.122411
394.25 0.125455
394.5 0.128498
394.75 0.13154
395 0.134581
395.25 0.13762
395.5 0.140658
395.75 0.143695
396 0.14673
396.25 0.149765
396.5 0.152797
396.75 0.155828
397 0.158858
397.25 0.161886
397.5 0.164913
397.75 0.167938
398 0.170962
398.25 0.173984
398.5 0.177004
398.75 0.180023
399 0.18304
399.25 0.186055
399.5 0.189069
399.75 0.19208
400 0.19509
400.25 0.198098
400.5 0.201105
400.75 0.204109
401 0.207111
401.25 0.210112
401.5 0.21311
401.75 0.216107
402 0.219101
402.25 0.222094
402.5 0.225084
402.75 0.228072
403 0.231058
403.25 0.234042
403.5 0.237024
403.75 0.240003
404 0.24298
404.25 0.245955
404.5 0.248928
404.75 0.251898
405 0.254866
405.25 0.257831
405.5 0.260794
405.75 0.263755
406 0.266713
406.25 0.269668
406.5 0.272621
406.75 0.275572
407 0.27852
407.25 0.281465
407.5 0.284408
407.75 0.287347
408 0.290285
408.25 0.293219
408.5 0.296151
408.75 0.29908
409 0.302006
409.25 0.304929
409.5 0.30785
409.75 0.310767
410 0.313682
410.25 0.316593
410.5 0.319502
410.75 0.322408
411 0.32531
411.25 0.32821
411.5 0.331106
411.75 0.334
412 0.33689
412.25 0.339777
412.5 0.342661
412.75 0.345541
413 0.348419
413.25 0.351293
413.5 0.354164
413.75 0.357031
414 0.359895
414.25 0.362756
414.5 0.365613
414.75 0.368467
415 0.371317
415.25 0.374164
415.5 0.377007
415.75 0.379847
416 0.382683
416.25 0.385516
416.5 0.388345
416.75 0.39117
417 0.393992
417.25 0.39681
417.5 0.399624
417.75 0.402435
418 0.405241
418.25 0.408044
418.5 0.410843
418.75 0.413638
419 0.41643
419.25 0.419217
419.5 0.422
419.75 0.42478
420 0.427555
420.25 0.430326
420.5 0.433094
420.75 0.435857
421 0.438616
421.25 0.441371
421.5 0.444122
421.75 0.446869
422 0.449611
422.25 0.45235
422.5 0.455084
422.75 0.457813
423 0.460539
423.25 0.46326
423.5 0.465976
423.75 0.468689
424 0.471397
424.25 0.4741
424.5 0.476799
424.75 0.479494
425 0.482184
425.25 0.484869
425.5 0.48755
425.75 0.490226
426 0.492898
426.25 0.495565
426.5 0.498228
426.75 0.500885
427 0.503538
427.25 0.506187
427.5 0.50883
427.75 0.511469
428 0.514103
428.25 0.516732
428.5 0.519356
428.75 0.521975
429 0.52459
429.25 0.527199
429.5 0.529804
429.75 0.532403
430 0.534998
430.25 0.537587
430.5 0.540171
430.75 0.542751
431 0.545325
431.25 0.547894
431.5 0.550458
431.75 0.553017
432 0.55557
432.25 0.558119
432.5 0.560662
432.75 0.563199
433 0.565732
433.25 0.568259
433.5 0.570781
433.75 0.573297
434 0.575808
434.25 0.578314
434.5 0.580814
434.75 0.583309
435 0.585798
435.25 0.588282
435.5 0.59076
435.75 0.593232
436 0.595699
436.25 0.598161
436.5 0.600616
436.75 0.603067
437 0.605511
437.25 0.60795
437.5 0.610383
437.75 0.61281
438 0.615232
438.25 0.617647
438.5 0.620057
438.75 0.622461
439 0.624859
439.25 0.627252
439.5 0.629638
439.75 0.632019
440 0.634393
440.25 0.636762
440.5 0.639124
440.75 0.641481
441 0.643832
441.25 0.646176
441.5 0.648514
441.75 0.650847
442 0.653173
442.25 0.655493
442.5 0.657807
442.75 0.660114
443 0.662416
443.25 0.664711
443.5 0.667
443.75 0.669283
444 0.671559
444.25 0.673829
444.5 0.676093
444.75 0.67835
445 0.680601
445.25 0.682846
445.5 0.685084
445.75 0.687315
446 0.689541
446.25 0.691759
446.5 0.693971
446.75 0.696177
447 0.698376
447.25 0.700569
447.5 0.702755
447.75 0.704934
448 0.707107
448.25 0.709273
448.5 0.711432
448.75 0.713585
449 0.715731
449.25 0.71787
449.5 0.720003
449.75 0.722128
450 0.724247
450.25 0.726359
450.5 0.728464
450.75 0.730563
451 0.732654
451.25 0.734739
451.5 0.736817
451.75 0.738887
452 0.740951
452.25 0.743008
452.5 0.745058
452.75 0.747101
453 0.749136
453.25 0.751165
453.5 0.753187
453.75 0.755201
454 0.757209
454.25 0.759209
454.5 0.761202
454.75 0.763188
455 0.765167
455.25 0.767139
455.5 0.769103
455.75 0.771061
456 0.77301
456.25 0.774953
456.5 0.776888
456.75 0.778817
457 0.780737
457.25 0.782651
457.5 0.784557
457.75 0.786455
458 0.788346
458.25 0.79023
458.5 0.792107
458.75 0.793975
459 0.795837
459.25 0.797691
459.5 0.799537
459.75 0.801376
460 0.803208
460.25 0.805031
460.5 0.806848
460.75 0.808656
461 0.810457
461.25 0.812251
461.5 0.814036
461.75 0.815814
462 0.817585
462.25 0.819348
462.5 0.821103
462.75 0.82285
463 0.824589
463.25 0.826321
463.5 0.828045
463.75 0.829761
464 0.83147
464.25 0.83317
464.5 0.834863
464.75 0.836548
465 0.838225
465.25 0.839894
465.5 0.841555
465.75 0.843208
466 0.844854
466.25 0.846491
466.5 0.84812
466.75 0.849742
467 0.851355
467.25 0.852961
467.5 0.854558
467.75 0.856147
468 0.857729
468.25 0.859302
468.5 0.860867
468.75 0.862424
469 0.863973
469.25 0.865514
469.5 0.867046
469.75 0.868571
470 0.870087
470.25 0.871595
470.5 0.873095
470.75 0.874587
471 0.87607
471.25 0.877545
471.5 0.879012
471.75 0.880471
472 0.881921
472.25 0.883363
472.5 0.884797
472.75 0.886223
473 0.88764
473.25 0.889048
473.5 0.890449
473.75 0.891841
474 0.893224
474.25 0.894599
474.5 0.895966
474.75 0.897325
475 0.898674
475.25 0.900016
475.5 0.901349
475.75 0.902673
476 0.903989
476.25 0.905297
476.5 0.906596
476.75 0.907886
477 0.909168
477.25 0.910441
477.5 0.911706
477.75 0.912962
478 0.91421
478.25 0.915449
478.5 0.916679
478.75 0.917901
479 0.919114
479.25 0.920318
479.5 0.921514
479.75 0.922701
480 0.92388
480.25 0.925049
480.5 0.92621
480.75 0.927363
481 0.928506
481.25 0.929641
481.5 0.930767
481.75 0.931884
482 0.932993
482.25 0.934093
482.5 0.935184
482.75 0.936266
483 0.937339
483.25 0.938404
483.5 0.939459
483.75 0.940506
484 0.941544
484.25 0.942573
484.5 0.943593
484.75 0.944605
485 0.945607
485.25 0.946601
485.5 0.947586
485.75 0.948561
486 0.949528
486.25 0.950486
486.5 0.951435
486.75 0.952375
487 0.953306
487.25 0.954228
487.5 0.955141
487.75 0.956045
488 0.95694
488.25 0.957826
488.5 0.958703
488.75 0.959572
489 0.960431
489.25 0.96128
489.5 0.962121
489.75 0.962953
490 0.963776
490.25 0.96459
490.5 0.965394
490.75 0.96619
491 0.966976
491.25 0.967754
491.5 0.968522
491.75 0.969281
492 0.970031
492.25 0.970772
492.5 0.971504
492.75 0.972226
493 0.97294
493.25 0.973644
493.5 0.974339
493.75 0.975025
494 0.975702
494.25 0.97637
494.5 0.977028
494.75 0.977677
495 0.978317
495.25 0.978948
495.5 0.97957
495.75 0.980182
496 0.980785
496.25 0.981379
496.5 0.981964
496.75 0.982539
497 0.983105
497.25 0.983662
497.5 0.98421
497.75 0.984749
498 0.985278
498.25 0.985798
498.5 0.986308
498.75 0.986809
499 0.987301
499.25 0.987784
499.5 0.988258
499.75 0.988722
500 0.989177
500.25 0.989622
500.5 0.990058
500.75 0.990485
501 0.990903
501.25 0.991311
501.5 0.99171
501.75 0.992099
502 0.99248
502.25 0.99285
502.5 0.993212
502.75 0.993564
503 0.993907
503.25 0.99424
503.5 0.994565
503.75 0.994879
504 0.995185
504.25 0.995481
504.5 0.995767
504.75 0.996045
505 0.996313
505.25 0.996571
505.5 0.99682
505.75 0.99706
506 0.99729
506.25 0.997511
506.5 0.997723
506.75 0.997925
507 0.998118
507.25 0.998303
507.5 0.998477
507.75 0.998642
508 0.998795
508.25 0.998938
508.5 0.999071
508.75 0.999198
509 0.999322
509.25 0.999444
509.5 0.999555
509.75 0.999644
510 0.999699
510.25 0.999794
510.5 0.999856
510.75 0.999896
511 0.999925
511.25 0
511.5 0
511.75 0
